100
1000000 303963552390
716276 133204743356
520239 1933922513
681354 58134487625
119266 3908738524
896572 158525561752
677243 24237491313
872489 93752070413
815512 46169702249
175538 7532857159
814246 105593644577
224891 14162853881
280209 8165904874
367297 39580586460
355785 1893914443
218007 11779675269
31362 105769406
299054 18447843877
368362 11020114229
463645 34103871696
494651 33511523860
262843 20662217286
3884 3092266
66153 750913011
179606 3514914417
695952 123796764378
206048 1284393835
294514 12694423737
737300 72783996524
499495 47313170508
999424 125300493469
578363 37292805635
468940 53898293093
158689 3043278192
878019 149127407587
713491 119821097638
78028 1464352224
681577 132630273483
396625 18077417477
522332 66558392404
783291 142299164726
993747 65636150619
378592 778442589
734384 123702363979
428421 10556434221
816487 185685720058
149292 991366576
458197 769515034
42255 224605883
302532 26733914506
186319 4253423188
704618 52626216430
120273 3323388854
953517 244700530195
270504 20668161076
250838 7830789807
590471 3593815780
495450 36675701817
776641 3870409448
687695 65747377038
211754 13105905086
380945 16571888269
773631 9953761802
375102 20266661875
344048 7014935517
558487 36836695945
248262 231808812
7751 4593684
2180 781075
144523 3141572640
989817 49820368830
804998 173202238243
616518 93738378712
319320 29362155525
131434 5060641084
30338 172191461
316166 20271509025
138210 4464231682
503721 20255071347
938603 107875778539
745387 149382370621
143094 2658507051
803638 71662099537
396347 47487696664
874737 39140021949
25664 92245729
616317 51210723003
753517 111486178832
416362 22910061920
414196 39692872739
951067 221442690507
755079 83660797691
564639 19242523055
267974 18725488113
112175 827807961
204783 1443591502
277707 13801563672
855051 51240442608
938992 88356868035
674054 77117324384
