15
100 0
68 5
13 46 1
21 55 2
29 63 2
47 65 3
18 26 1
83 11
3 42 3
52 76 2
10 33 3
15 27 1
46 63 1
55 82 3
13 62 4
43 57 2
16 37 3
1 32 3
12 34 1
85 60
8 40 4
16 66 4
4 14 4
46 79 4
49 55 4
11 58 4
5 58 4
39 85 4
38 65 4
17 30 4
12 65 4
15 52 4
39 55 4
19 25 4
15 24 4
39 74 4
14 80 4
22 83 4
27 57 4
43 75 4
26 58 4
42 73 4
30 81 4
51 72 4
16 75 4
25 44 4
10 75 4
50 70 4
56 73 4
44 84 4
68 78 4
15 46 4
33 41 4
18 32 4
31 43 4
4 29 4
72 76 4
24 58 4
41 56 4
30 65 4
14 66 4
23 60 4
24 55 4
7 25 4
5 53 4
26 35 4
71 81 4
55 80 4
18 67 4
12 63 4
53 84 4
53 76 4
13 51 4
3 43 4
16 72 4
23 47 4
38 78 4
1 27 4
59 80 4
47 84 4
91 97
9 51 4
35 41 4
2 54 4
20 79 4
27 58 4
26 59 4
13 60 4
6 86 4
6 66 4
1 74 4
17 78 4
65 73 4
36 47 4
24 44 4
22 60 4
47 63 4
49 59 4
25 41 4
14 90 4
57 62 4
2 37 4
8 26 4
31 85 4
31 73 4
52 67 4
40 72 4
6 87 4
31 68 4
38 75 4
75 84 4
6 46 4
4 33 4
3 9 4
46 70 4
47 59 4
16 47 4
9 17 4
40 52 4
3 70 4
12 74 4
62 72 4
11 79 4
1 65 4
11 77 4
31 85 4
16 51 4
63 79 4
53 71 4
57 75 4
35 80 4
6 84 4
33 44 4
20 46 4
32 65 4
8 82 4
32 56 4
19 56 4
34 83 4
19 57 4
2 13 4
12 72 4
26 37 4
22 79 4
16 78 4
25 59 4
17 76 4
27 82 4
12 46 4
39 90 4
4 47 4
65 74 4
17 23 4
19 42 4
35 74 4
10 54 4
17 42 4
38 46 4
29 62 4
16 79 4
63 83 4
18 87 4
16 61 4
63 68 4
1 69 4
82 91 4
17 63 4
15 41 4
45 57 4
24 62 4
8 69 4
8 90 4
2 49 4
15 84 4
64 74 4
64 89 4
4 65 4
10 83 4
100 87
8 68 4
14 22 4
3 50 4
54 62 4
3 77 4
60 85 4
58 78 4
43 86 4
41 78 4
36 48 4
55 67 4
85 99 4
81 87 4
33 38 4
11 29 4
39 76 4
2 94 4
25 64 4
1 47 4
6 18 4
27 37 4
35 80 4
48 72 4
27 60 4
66 96 4
5 77 4
14 76 4
37 97 4
33 47 4
72 77 4
74 79 4
17 99 4
63 94 4
63 99 4
20 36 4
42 54 4
54 67 4
18 90 4
29 53 4
16 70 4
24 92 4
51 74 4
6 11 4
90 100 4
9 76 4
13 83 4
6 29 4
81 99 4
31 91 4
14 62 4
18 55 4
68 84 4
60 85 4
64 74 4
41 65 4
33 88 4
7 85 4
38 90 4
17 37 4
25 31 4
44 65 4
59 70 4
39 72 4
15 21 4
34 70 4
76 87 4
23 99 4
48 79 4
43 62 4
40 46 4
24 82 4
52 72 4
20 65 4
60 96 4
24 97 4
39 55 4
10 94 4
46 66 4
15 76 4
52 99 4
38 53 4
27 46 4
77 88 4
49 74 4
14 19 4
53 94 4
37 98 4
60 72
16 41 4
14 60 4
4 16 4
7 42 4
32 48 4
28 48 4
29 56 4
11 45 4
44 55 4
38 57 4
10 26 4
33 58 4
6 50 4
13 56 4
15 53 4
25 53 4
21 54 4
20 38 4
3 31 4
24 57 4
6 16 4
7 23 4
18 44 4
9 31 4
5 37 4
30 60 4
26 41 4
21 35 4
20 54 4
35 46 4
28 44 4
28 57 4
21 50 4
10 24 4
21 50 4
25 48 4
34 44 4
32 44 4
5 28 4
20 56 4
45 57 4
21 57 4
31 43 4
26 58 4
21 47 4
7 29 4
20 48 4
36 50 4
25 36 4
10 59 4
1 23 4
36 55 4
28 49 4
21 46 4
11 53 4
6 41 4
8 56 4
4 44 4
19 46 4
28 55 4
17 35 4
42 60 4
39 56 4
28 41 4
16 29 4
8 41 4
25 52 4
41 58 4
19 57 4
28 60 4
37 55 4
21 38 4
73 25
10 60 4
12 35 4
32 59 4
11 31 4
27 49 4
28 44 4
17 33 4
6 30 4
3 65 4
22 45 4
44 60 4
26 55 4
9 62 4
25 51 4
20 55 4
30 61 4
15 32 4
31 42 4
48 71 4
20 51 4
25 46 4
6 73 4
42 56 4
10 42 4
28 67 4
28 53
11 27 4
16 27 4
15 27 4
7 25 4
10 20 4
3 19 4
2 28 4
10 28 4
10 28 4
10 24 4
6 22 4
8 28 4
5 15 4
6 20 4
2 14 4
16 27 4
16 26 4
9 28 4
15 27 4
1 12 4
3 15 4
3 13 4
2 19 4
2 26 4
9 24 4
3 16 4
14 28 4
10 25 4
1 11 4
11 25 4
5 18 4
7 27 4
7 22 4
2 22 4
1 23 4
17 27 4
3 26 4
1 23 4
16 26 4
6 19 4
8 22 4
6 21 4
11 28 4
11 25 4
7 25 4
14 26 4
2 14 4
1 21 4
6 18 4
1 11 4
3 21 4
5 15 4
15 26 4
77 62
9 68 1
10 26 1
62 75 1
9 22 1
24 72 1
32 66 1
32 73 1
28 49 1
44 76 1
2 22 1
47 68 1
41 64 1
20 56 1
1 10 1
22 62 1
29 71 1
11 47 1
53 69 1
31 63 1
19 75 1
15 70 1
49 63 1
18 47 1
27 39 1
12 46 1
20 37 1
23 77 1
21 36 1
7 20 1
35 43 1
4 44 1
63 74 1
1 13 1
50 61 1
61 67 1
11 28 1
26 74 1
22 45 1
33 77 1
25 53 1
60 76 1
3 73 1
2 38 1
13 37 1
1 48 1
14 31 1
1 74 1
1 60 1
62 68 1
19 49 1
13 66 1
9 20 1
15 47 1
11 46 1
45 51 1
21 58 1
46 72 1
42 51 1
61 70 1
49 70 1
12 52 1
44 58 1
100 100
49 54 2
4 96 2
8 53 2
14 88 2
37 63 2
14 96 2
57 81 2
4 45 2
33 40 2
11 67 2
78 82 2
14 29 2
6 64 2
15 79 2
11 70 2
65 98 2
18 45 2
20 71 2
5 8 2
36 67 2
83 96 2
4 32 2
63 76 2
2 7 2
60 69 2
20 89 2
3 34 2
8 70 2
97 100 2
59 75 2
24 70 2
23 39 2
69 95 2
9 73 2
2 96 2
49 91 2
74 78 2
53 92 2
1 11 2
13 46 2
32 65 2
53 86 2
22 98 2
19 22 2
5 43 2
43 79 2
63 81 2
42 73 2
26 87 2
77 89 2
19 27 2
2 31 2
2 62 2
7 41 2
14 24 2
67 72 2
9 21 2
40 54 2
13 19 2
7 18 2
40 53 2
32 78 2
18 33 2
21 55 2
46 81 2
47 91 2
53 63 2
49 56 2
14 59 2
79 82 2
32 40 2
3 72 2
21 45 2
20 36 2
43 95 2
38 99 2
69 82 2
14 28 2
35 39 2
84 86 2
67 77 2
29 31 2
85 87 2
15 44 2
21 28 2
54 75 2
86 95 2
41 70 2
59 80 2
13 91 2
19 79 2
17 78 2
5 64 2
1 71 2
40 83 2
20 100 2
13 36 2
8 58 2
51 78 2
35 56 2
74 16
26 70 1
36 63 1
41 63 1
37 44 1
17 41 1
9 17 1
13 20 1
4 65 1
64 73 1
6 36 1
25 42 1
35 50 1
2 61 1
22 27 1
40 50 1
15 71 1
100 34
80 84 3
6 66 3
23 88 3
16 51 3
32 73 3
11 17 3
42 75 3
71 100 3
73 89 3
35 51 3
3 55 3
21 87 3
60 75 3
55 65 3
33 73 3
56 63 3
12 28 3
13 86 3
15 68 3
54 99 3
39 64 3
67 80 3
37 90 3
32 63 3
77 82 3
49 83 3
3 96 3
62 67 3
2 86 3
64 99 3
41 63 3
6 43 3
48 62 3
1 20 3
98 37
58 70 3
62 66 3
20 79 3
62 84 3
69 94 3
29 46 3
72 91 3
54 70 3
47 52 3
51 95 3
16 94 3
1 16 3
12 59 3
20 36 3
57 69 3
56 82 3
29 78 3
14 84 3
66 82 3
13 80 3
12 28 3
37 41 3
48 82 3
83 88 3
78 98 3
59 98 3
50 73 3
12 69 3
11 24 3
22 93 3
23 61 3
1 8 3
27 69 3
48 91 3
28 52 3
16 20 3
12 56 3
94 74
76 81 3
2 25 3
8 57 3
61 65 3
39 46 3
23 45 3
16 29 3
7 73 3
20 30 3
73 87 3
49 83 3
24 71 3
34 77 3
26 47 3
7 11 3
13 33 3
32 67 3
24 69 3
39 63 3
14 69 3
3 62 3
40 55 3
35 70 3
65 84 3
9 22 3
10 43 3
83 92 3
12 22 3
7 38 3
17 68 3
33 70 3
29 33 3
3 31 3
56 93 3
30 42 3
58 92 3
6 93 3
89 94 3
47 63 3
29 37 3
17 82 3
34 94 3
38 63 3
38 57 3
2 17 3
58 71 3
20 58 3
82 87 3
52 88 3
58 75 3
6 75 3
43 78 3
13 52 3
11 66 3
55 71 3
25 91 3
42 59 3
4 62 3
28 89 3
21 30 3
66 78 3
65 88 3
13 84 3
22 42 3
3 89 3
31 70 3
8 14 3
44 86 3
39 57 3
31 53 3
63 72 3
43 56 3
2 8 3
50 54 3
